104
89
92
123
76
86
89
92
90
102
115
105
103
106
114
98
109
98
106
94
99
83
94
95
96
101
102
104
92
91
102
92
98
97
104
113
97
87
90
107
83
102
89
84
103
77
100
104
101
87
91
79
100
88
105
94
96
87
95
109
103
84
120
92
92
100
92
89
82
70
100
101
111
106
109
93
116
92
76
91
96
74
93
117
96
85
100
99
116
95
89
106
89
93
102
99
97
99
94
101
112
101
97
79
110
101
117
126
86
87
104
92
108
93
101
108
113
93
97
102
98
97
88
104
78
84
81
101
88
112
85
104
90
103
96
105
111
113
96
93
91
118
90
98
127
90
95
101
91
103
86
118
116
94
95
95
112
95
102
93
110
96
102
92
106
101
79
98
98
87
103
106
102
98
99
99
99
88
111
84
94
87
93
100
89
91
92
89
85
82
118
104
106
104
98
103
90
93
88
74
99
89
101
84
93
93
98
95
92
95
80
114
96
88
111
102
92
99
97
94
92
92
95
98
92
98
112
106
94
83
94
74
92
102
98
90
98
84
111
87
85
98
98
94
119
92
112
108
91
92
96
100
95
111
82
102
107
85
86
104
105
93
106
95
85
103
95
80
91
84
89
111
97
93
89
98
88
79
90
93
86
106
92
84
105
96
95
89
100
86
117
98
94
100
116
87
108
79
108
104
99
94
108
106
86
97
94
93
91
108
105
106
94
83
89
100
92
99
92
101
89
116
111
108
90
85
98
95
104
92
97
87
96
97
95
82
84
101
97
102
85
102
104
76
94
99
70
101
96
91
81
102
86
93
86
109
99
94
117
86
100
102
118
104
103
116
96
86
88
101
86
79
93
86
86
99
95
94
115
92
97
94
103
94
92
96
93
74
94
94
86
97
92
90
108
106
105
88
90
83
108
106
90
107
91
75
96
107
97
90
106
112
94
100
91
89
105
89
105
87
79
87
92
102
84
96
114
106
86
94
84
93
101
93
99
89
108
93
88
90
110
96
98
98
115
88
108
80
100
93
92
107
84
81
93
95
100
84
108
100
84
93
99
102
84
100
89
103
96
105
103
110
101
96
74
115
95
97
111
70
85
87
106
88
95
88
90
93
84
112
88
92
90
110
102
95
95
79
101
89
89
