150
160
147
144
154
158
150
153
151
157
146
148
155
133
151
127
145
156
119
147
134
159
149
136
151
151
146
137
143
139
129
150
144
154
142
139
141
136
121
126
171
152
153
141
153
153
112
123
142
148
148
136
133
124
161
145
164
147
167
134
120
160
152
169
142
151
148
136
144
144
135
125
142
134
140
129
145
136
169
139
169
138
161
150
145
130
156
150
129
135
131
142
151
148
153
135
174
164
148
126
138
130
134
153
148
149
132
145
127
123
136
133
119
142
142
141
150
134
158
120
158
144
143
157
134
124
138
155
143
144
156
140
130
136
160
135
148
137
154
134
134
141
126
139
157
179
135
158
150
149
136
165
152
125
132
166
131
156
130
138
155
141
121
161
127
148
129
146
142
161
127
140
157
154
122
157
143
129
134
137
138
138
147
127
142
138
126
132
137
146
133
170
147
153
159
144
164
135
133
122
137
164
150
132
165
126
155
151
150
144
136
139
142
164
131
156
148
146
138
142
149
134
148
147
161
155
153
135
153
136
147
150
157
140
163
142
137
179
123
150
149
154
166
153
148
167
154
144
131
164
148
138
139
148
150
137
130
148
158
148
146
145
152
152
157
147
134
147
128
146
137
140
141
167
134
133
150
138
155
146
134
151
144
138
135
136
151
126
164
138
138
150
127
132
127
140
141
131
150
142
145
149
185
130
142
142
144
143
153
155
140
119
156
158
149
156
159
152
148
159
148
146
138
140
156
116
142
120
149
147
151
145
139
165
136
158
139
148
150
142
132
146
127
150
149
149
131
129
125
159
124
130
163
144
119
119
124
149
156
160
140
144
137
152
160
137
168
136
143
124
131
125
134
149
122
153
146
139
137
137
149
152
127
145
131
156
146
158
143
128
146
164
137
138
136
121
132
133
141
145
146
165
142
139
137
137
144
124
153
127
146
140
170
151
136
153
144
146
153
138
156
140
138
138
112
135
135
137
147
122
132
150
171
134
138
137
140
154
145
142
125
123
139
139
147
144
147
137
133
137
102
151
154
135
143
143
133
149
155
160
165
137
121
150
137
154
149
135
145
140
152
128
143
122
145
154
161
132
155
155
135
153
166
138
147
138
133
138
162
130
141
149
112
177
145
143
129
139
169
129

